-319 -951 -314 416 -729 941 -562 -324 125 -961
815 -154 892 472 536 -30 802 132 258 -153
-563 178 -718 849 -842 -437 -483 -730 -508 -51
-605 561 731 -343 70 303 -525 -628 -478 -61
-913 441 741 209 977 974 -440 832 651 704
255 20 -122 12 -575 -449 -949 -81 229 -337
252 861 812 -71 312 33 860 594 -310 161
2 55 -270 -678 -653 326 -969 763 495 392
-432 557 -444 -537 -122 792 -34 150 -49 -58
403 399 195 -573 -202 231 -907 104 -532 -755
-577 -128 578 500 317 502 -72 -671 359 -486
-978 -882 362 621 -740 -870 81 -385 309 -179
165 -435 893 -990 -140 151 -83 -827 799 352
-926 915 -794 -361 -972 803 -879 -101 764 359
7 -524 911 23 -238 393 105 -873 -635 -198
814 534 -785 870 -708 -930 756 967 93 -196
242 -904 907 820 -78 996 -57 -28 338 -323
102 693 -693 576 -108 -24 -861 495 -437 191
-922 -626 509 515 -157 -630 454 806 26 578
599 -901 -441 -979 316 535 -378 380 -2 -223
-683 -632 -973 -724 114 -532 31 447 -951 88
450 327 525 674 575 -95 405 -320 -197 110
353 884 165 623 -653 50 222 997 -55 -980
96 -822 -777 113 885 546 8 -797 -271 642
-806 3 729 -475 -731 -181 121 733 248 406
898 -418 976 -415 877 456 350 -395 -450 -734
-202 289 498 -288 740 -628 -113 15 -763 -992
-195 57 -676 -366 3 162 -156 -332 433 -776
-636 -314 588 -542 -648 780 -269 -3 -599 -418
774 -551 307 -833 -946 -674 -746 -158 520 -240
158 529 953 -482 -818 -637 74 -971 -849 89
566 -607 183 34 -532 -288 -815 -9 -325 -627
-36 616 -465 -854 237 440 480 407 183 -159
-218 -191 554 -549 -573 -300 -599 388 470 957
167 -553 -973 664 -539 -447 -652 -371 -745 492
-346 -514 712 732 970 6 -232 711 -691 -101
43 -159 183 -99 34 -373 -418 -290 -406 -691
425 -169 222 -117 -150 -389 538 -483 695 512
238 887 -312 158 987 947 -422 853 -964 768
44 -966 127 -922 -635 -902 -603 438 -213 909
-189 322 689 -357 -382 -346 -435 728 752 -547
32 -534 953 205 -335 992 -330 -850 919 713
-592 848 58 85 -770 -317 -836 957 251 72
-480 -156 -565 -621 294 -846 -875 -500 -570 619
-647 -989 -614 -941 -546 491 977 896 727 852
562 837 93 984 -264 880 672 771 976 -936
648 269 356 78 -284 131 462 -960 -743 132
284 -174 355 224 -549 964 -547 782 -94 637
-358 -626 429 -376 109 729 541 44 -855 722
259 778 228 -764 -615 804 242 534 -339 529
638 -194 -117 -559 968 -219 515 447 718 -3
966 -145 -79 -38 -792 815 790 -141 392 903
292 797 -187 -603 784 -290 -587 162 -417 233
-282 -319 619 650 197 709 62 -707 -51 -415
-181 -989 49 91 460 -80 914 -802 -945 814
-750 -382 471 401 -930 -161 462 185 580 837
307 -591 -114 204 138 -418 -718 -644 932 548
475 -492 443 25 203 473 903 -125 91 -372
-919 978 -452 -226 -520 -772 650 552 -170 -722
488 333 -893 265 171 239 283 897 -909 440
786 -429 430 -50 -712 888 151 -232 722 -824
-922 -872 -72 745 884 469 994 406 789 200
-468 -957 521 503 915 -269 -502 -660 63 -200
818 -510 70 -431 134 327 -605 -922 462 -359
301 586 614 -348 765 776 -149 -803 291 -896
-476 63 -807 -223 -276 -263 199 -947 -571 586
59 -246 -619 -982 755 942 41 -827 -421 984
-831 -894 945 798 -95 461 741 780 630 -697
-205 -726 -853 -637 -27 -561 503 -258 -173 -76
587 274 876 -532 -454 -55 785 209 -529 91
-390 -733 982 -268 -458 200 55 312 257 -667
293 794 -622 342 333 -388 -150 955 913 -607
-622 803 -148 819 -514 -946 -277 36 -20 584
439 -925 361 771 842 -176 255 872 -142 98
618 674 756 107 791 650 -953 -665 392 -978
146 14 194 597 10 672 604 388 843 -502
-596 -293 -874 -499 21 -985 -284 -789 560 106
809 341 -985 519 -948 -546 -793 -903 -525 149
-430 716 679 640 -568 673 400 -190 -768 607
-508 -510 645 -896 253 -959 221 246 32 432
-537 -544 -6 -499 -16 340 -783 -336 963 -450
-698 -433 -953 -509 736 581 -685 -233 264 -1000
-178 -376 -865 -882 -320 -436 130 318 760 -267
-222 903 82 -240 -21 76 446 263 -28 950
-562 -910 77 739 -85 -478 -278 -455 427 -736
653 238 947 88 -68 968 158 -805 -132 349
473 -706 598 -56 503 -140 -254 728 -312 846
-944 791 -909 -842 270 -113 571 -708 13 635
334 -734 304 -813 349 -270 741 112 310 -544
670 901 2 104 964 -28 438 -900 -546 504
-985 -315 79 -203 -55 -403 -109 739 276 -249
925 -479 -264 722 929 17 -161 -866 420 -548
861 489 -58 506 -41 215 655 67 -811 177
-467 -369 309 -398 260 -865 -134 -681 -322 -651
-725 862 514 -524 396 -444 802 142 348 -194
255 692 -809 313 -104 328 -414 431 969 -237
-748 -343 306 -74 -233 455 -536 -369 -42 -475
-407 -835 30 581 -849 956 -175 973 -452 245
-517 -903 757 -202 -840 -75 -266 -136 946 -12
878 946 153 995 -743 -26 139 -584 -841 746
27 765 -717 -671 98 200 -927 -864 -739 -182
-500 -359 -155 575 592 -975 -576 -253 -135 -447
-762 830 221 -711 337 207 950 295 931 306
-844 296 -912 682 -285 471 -492 -979 -678 -289
522 403 -658 -923 -878 427 -286 50 126 -803
-224 950 7 -527 797 445 985 574 119 830
374 -205 -427 -721 604 -252 552 -334 -226 524
-262 -934 738 -621 -79 952 781 -670 -31 -211
-474 -812 968 280 -742 -590 -689 954 -760 -14
577 945 -449 -298 -708 570 360 -926 537 -19
941 779 -371 38 780 543 -783 439 394 463
147 693 758 603 -75 251 -701 76 187 932
802 -732 -716 -290 911 881 617 -177 200 -934
-950 -984 399 -387 141 507 -860 185 -232 -678
-601 830 964 735 -991 -539 336 -995 -318 -380
987 495 370 189 -622 -394 566 -344 -331 622
424 -594 -262 -114 -693 -39 239 587 5 -323
293 835 -815 627 740 418 -606 -653 -215 -7
627 -264 -371 821 260 -138 -594 -440 634 -920
31 601 -565 -513 98 -187 -579 -372 -621 -617
-525 663 -760 -210 -370 -402 -149 -845 242 -271
-535 -253 635 842 -539 -1 -118 966 194 165
-7 479 -97 554 298 -464 -672 -809 -292 116
833 -507 -9 7 -867 -366 -965 271 382 731
-188 962 381 781 -189 -58 -630 671 177 -529
20 628 -719 -271 2 -379 637 -17 740 -921
229 -510 -353 92 359 952 -873 883 -930 -364
-743 -591 -992 178 844 559 286 791 -43 696
924 736 474 -892 127 143 -812 45 -11 -738
993 -213 62 -518 -220 -706 763 -533 482 798
557 -250 -800 -367 907 325 -288 -557 -404 -400
-444 -387 521 566 556 -520 2 792 -697 764
-198 788 226 -151 960 673 63 626 332 -142
-721 763 883 -591 258 -356 -190 -49 -325 433
500 85 -62 881 561 138 -469 539 -491 554
972 -450 -773 -698 411 297 -24 -826 993 -538
667 -271 -129 -465 -822 325 884 56 741 943
16 -608 235 925 259 594 -957 -896 -891 253
-336 -833 950 -111 792 725 951 -763 -130 -715
-622 399 739 724 -74 276 -411 -750 -168 -648
271 -576 -666 -142 -42 541 596 -388 7 455
-561 87 698 642 -415 -791 25 988 314 -40
-687 -274 -296 43 -346 -234 -413 -405 193 -571
-856 974 -238 398 638 120 758 -823 547 738
555 837 -941 670 863 411 577 215 -292 9
-324 -414 -662 763 -660 -75 99 267 -361 -294
-309 -257 -125 624 403 -610 -584 15 656 -882
-307 -471 264 607 -939 -13 -382 -834 -592 740
870 -687 294 -565 209 -871 992 168 -191 -463
269 702 -129 -957 -836 953 253 -225 -128 175
-434 -182 -69 -833 164 222 -346 105 -501 -652
-367 -224 637 -274 -684 9 262 -891 75 -982
851 349 597 -167 -870 -624 116 117 -771 706
532 -397 617 -177 -625 270 944 166 -229 512
-537 -500 -814 848 704 -199 -509 151 908 570
844 -672 -971 404 -722 722 989 -484 413 -219
889 407 208 396 990 -385 -441 -166 -978 280
-405 477 253 -934 675 -939 -365 -301 828 -612
-137 405 884 -622 -447 474 812 209 -913 155
-281 958 395 287 -612 600 768 366 938 634
-912 -344 526 779 451 968 -938 -812 -510 -664
-153 816 559 378 386 895 -712 983 978 -471
-130 -951 -30 12 -581 -930 350 -327 -707 828
-859 -433 274 328 -794 -543 -473 327 606 241
562 -695 298 674 268 -454 -995 -895 566 188
-159 857 -309 -490 -708 667 -649 -234 421 854
686 166 -929 -86 -559 177 -661 -226 -658 219
-133 -899 -868 14 -516 74 6 -820 583 -431
-823 753 -345 -135 -611 583 -999 -64 255 798
469 -308 186 94 -676 1000 -527 -61 832 -307
309 419 727 959 -77 -286 972 -356 -102 -708
698 -759 698 500 794 579 -78 111 -857 -392
582 666 689 870 -574 775 20 -51 645 -421
0 -654 -389 306 -630 961 959 869 426 -21
-409 -345 378 22 916 -608 68 -606 10 -262
-938 649 -211 -515 -81 960 20 -918 637 -171
690 -614 592 -122 872 684 -709 -823 -508 -30
-387 725 -816 -14 206 -730 173 330 837 130
847 -55 217 968 453 761 485 -796 118 -28
-454 387 -636 -385 -389 -979 885 176 -276 765
799 -976 -615 -257 375 -789 -545 618 -81 -250
-497 810 -551 -456 -616 849 -258 460 691 -874
257 911 -318 824 -370 -134 274 728 941 711
-435 -968 -542 660 327 727 716 97 -491 -774
63 933 -323 897 -278 74 45 -14 48 -239
-920 -640 -344 -442 354 -205 938 -641 -507 678
-292 373 425 161 28 166 -566 395 667 -431
519 541 -310 344 960 47 -345 -800 493 430
64 -120 695 648 615 -20 -522 586 647 -574
-206 -746 325 -971 -678 777 387 473 813 979
-712 -632 589 306 -934 -855 846 249 187 332
477 -650 310 669 -852 379 -715 -109 434 453
-322 683 262 113 -419 -595 -932 434 676 221
552 -350 999 -172 413 -16 -363 -942 416 -76
873 332 492 -796 -29 165 226 392 -859 -430
-793 -40 -239 538 -463 631 -754 -912 -29 -377
652 530 -276 -749 552 186 -693 -390 733 -953
-193 -975 967 536 -848 -525 189 -452 288 -972
-397 260 -156 530 721 -892 -350 -343 -519 90
-1 -562 483 -382 602 -619 -934 812 -585 -41
